200
307630
11797
192716
193632
13184
548339
450818
20144
473047
11981
313629
72301
8213
202141
39345
191803
309959
201633
13315
626692
236643
2408
503502
546037
4785
470313
12600
701639
449457
436504
444408
472562
248851
65576
451400
547031
467647
500709
503348
10554
314704
438817
1662
437881
1815
10786
14211
7586
3158
329081
444607
237
436944
312677
466296
38468
501675
194432
208523
464360
42229
42733
254843
454011
501802
437900
247967
459072
547257
14494
253592
196439
209063
446297
50325
1997
253370
451715
202192
252453
255408
503517
437326
436528
38583
247993
452102
546194
24931
38296
39200
506174
16584
719420
436658
451447
470305
13134
587760
255122
503219
211383
665918
635401
39666
51170
503385
437299
75960
547699
503936
437283
310870
5630
14972
500637
435851
76084
39328
768547
449537
444897
14282
468181
320053
249222
454013
446996
38265
22876
459062
843765
436440
544451
501523
470311
459084
10154
503528
204804
751517
20768
37558
501536
10159
251050
13346
459027
24953
38162
436896
239584
24686
544702
751542
453253
256977
10501
471911
464156
78191
468346
503932
544776
544442
438818
256126
547904
38435
202996
38159
192727
39918
502914
631985
27792
24693
253348
2059
458978
11999
471884
256205
22932
209329
437490
503670
543896
471179
195473
548264
207032
823661
39107
544691
469857
437826
254502
469959
679844
24957
247017
38152
27936
251935
250951
201862
310604
503050
323735
12674
547684
226696
311021
78187
503530
437455
38160
256974
467746
12019
204812
11040
247008
677910
254597
503010
60870
38559
435826
501788
11080
10186
38648
699505
458977
50799
254819
63532
206989
544680
316442
9982
22506
687677
468633
453369
23944
646117
544514
451490
249223
469856
4923
194622
436573
503046
252452
11764
313256
6635
717589
438754
254801
14336
2390
435839
327497
467594
9317
459055
447071
78185
436253
309861
437658
247009
544887
1650
548344
253566
13223
459088
318764
202614
253056
547951
501109
6186
11160
438417
37557
438820
39346
889442
254473
10997
435844
3395
209028
12828
72498
6906
248483
696866
310542
436173
453279
6779
466311
254896
23026
37800
475513
436516
764095
257640
249228
453243
24937
458998
44799
248696
436839
251838
501520
11325
211486
9480
469837
205485
448281
544501
702563
11263
548300
436819
313330
310652
248268
4501
548343
450748
470306
435600
466287
544498
544227
719486
38330
38332
469913
503940
437053
464559
11234
504019
251929
777786
503971
316594
12822
11145
503703
437926
10175
544326
459093
310073
38582
38328
448401
12649
20129
464443
10207
473007
254649
503503
207394
11737
466251
39331
464341
255154
22769
437394
444812
503939
199003
547775
458956
10819
35692
717577
312747
10465
11122
501876
472155
544752
38318
435962
254589
440393
38267
453053
547772
37450
27791
435868
317747
37743
11130
476711
468716
503613
39021
10574
42162
459136
437854
452813
38517
751500
249414
253505
204533
199737
38634
247964
309428
39175
10527
459197
21940
435882
436575
437430
24813
10469
457730
464142
250551
505626
24927
40001
470307
247020
438814
455082
11307
248899
189164
502064
544822
254587
544214
208555
252890
20517
544070
458961
193506
21185
329090
314362
543864
436964
503546
254842
206976
198715
312336
39116
255344
38954
317196
475516
39186
247916
248499
446860
236691
544502
544693
248466
502048
12012
250939
311336
10813
459082
437056
448671
207797
1981
466105
446285
194243
13052
469961
20888
437344
197462
503271
247173
470308
467642
24681
11269
313327
437175
4280
437153
459205
65095
445297
502833
11865
38124
42641
544781
206918
459046
471904
543937
38237
503672
38304
435739
314299
438605
459083
478211
208816
11951
503523
248132
503283
191259
8288
446990
195456
11287
310563
437447
38341
544683
459198
717542
554769
254595
544060
37747
503675
23939
634108
464377
438816
13137
662161
459052
248579
313386
435817
206399
544692
436918
312290
248644
316503
435728
503669
469836
503048
255417
1084
307651
248891
550755
199404
469949
11707
467638
436106
438112
459248
313654
201895
544782
11734
459204
544319
24900
78192
14210
195223
544039
459106
11417
459087
200668
749592
251476
35650
38451
311024
436792
435809
436966
546746
544450
544066
50780
191843
500928
203008
453683
39189
717563
547692
437971
471061
38379
11619
453312
544210
22275
9724
502325
5505
435853
207754
459249
254825
318345
587598
38515
717574
38133
14521
544690
469960
256570
39325
708024
504284
751536
38574
751537
437869
16677
548212
199410
548338
717587
436622
451373
435908
7212
505825
193344
38518
503951
38158
310552
503615
206587
459007
464604
463973
553045
11116
193606
316173
10522
199708
459061
38198
22387
10586
231564
337499
437609
11605
316330
436532
312429
253050
39413
254613
436282
255275
548230
436002
12004
251428
464023
459251
472387
75414
436838
204758
313240
467705
248904
11133
257875
465991
245376
503204
192729
24671
446999
764087
247117
256403
464333
544453
547704
451717
545919
437749
364
12842
827660
544184
459245
544056
449619
451909
543899
21355
459028
548360
770850
438815
469858
639782
751539
191598
544686
74832
22405
450509
3152
10499
436840
544766
341793
634951
437654
747199
10080
13065
24014
205116
474435
7604
458971
16687
468207
248876
453344
503467
202718
42183
802
435896
436121
316457
310325
252973
324029
5582
466286
856282
464707
42163
751510
447086
310765
12670
38177
253351
17139
252948
205351
208149
317793
318622
39112
751540
747045
436095
467730
459252
459016
312602
206990
253343
447000
23948
712140
257880
458
254923
38327
13171
10557
307474
313697
253135
309427
11157
22634
24865
456949
20804
470312
544853
469887
245787
14472
674
473008
209104
2211
471975
24320
752034
466580
199674
459199
11790
311950
820215
440723
441769
256978
24861
470310
1083
13345
470599
316661
22914
503008
255391
23367
717564
13344
475515
470309
694642
813594
501691
436535
21209
38127
10482
37397
436545
437532
72419
10481
14488
248892
10830
543901
10531
21126
311159
1076
206499
698529
38965
236688
254478
444540
464428
257603
452037
545146
435876
11859
13211
1524
438822
316393
752047
10360
436892
11311
547687
470314
677426
452100
38335
458967
4591
459131
1674
24832
252884
436101
667477
38239
544720
10464
503651
458994
248902
256548
42716
27790
437423
435802
19763
243823
544509
464490
544320
545113
205526
453351
477499
39111
751543
207667
474263
437487
548584
449534
14985
502377
38905
470600
311294
503930
751519
813585
206045
314034
465937
7595
25111
10956
23205
253373
459080
544478
72381
204896
256975
446191
435888
22860
435702
11050
252451
38146
325562
347780
547694
435984
256846
15026
7874
4285
76445
18354
451042
453024
24960
312781
437097
256861
435621
466045
820892
470315
466289
8241
446595
454611
503679
435641
897883
23216
701989
1503
503443
544186
668760
436603
470304
544689
1029
453576
544068
439933
751512
503673
256976
311944
503043
472181
437549
469866
24860
504210
437790
543882
21698
313780
764091
17897
725124
39020
14931
24907
317618
196910
544519
4282
253349
310364
437835
505722
312231
313658
545281
10065
459200
437261
547773
40118
20121
16953
449348
547900
248140
751499
466254
38314
205250
459045
503045
436323
544076
10946
11396
249186
769316
503155
459201
254779
331619
19067
503519
11088
662163
10049
6778
250945
310279
761604
11792
438821
10827
547802
437769
214
502040
255973
15387
436244
436851
437372
459246
687670
11227
543903
251532
324155
24975
38945
256970
459090
3555
451444
464125
504497
5624
450513
316682
10811
547777
198556
814668
465966
22871
10497
751538
437397
543867
13070
315786
437879
202115
459227
544232
437329
466084
20498
463795
255949
459244
22521